VC
[2JCold Head Log File
VA07U Magnet Type 97, 0998, Diode Table 2
Magnet S/N 22188387, MSUP S/N 01240

Sensor Status = 0xFF 0xFF
No. Time     Date      Pwr  He1  He2  Link Bore psiA CH
                       x100 x10  x10  x10  x10  x100 x10
000 02:00:32 20/01/019 0064 0295 0293 0514 0514 1530 0444 
001 02:00:32 27/01/019 0051 0256 0253 0542 0549 1531 0451 
002 02:00:32 03/02/019 0057 0256 0254 0514 0507 1531 0437 
003 02:00:32 10/02/019 0058 0256 0253 0514 0507 1531 0437 
004 02:00:33 17/02/019 0058 0256 0253 0514 0507 1531 0437 
005 02:00:32 24/02/019 0057 0256 0253 0521 0514 1531 0437 
006 02:00:33 03/03/019 0056 0256 0253 0521 0514 1531 0437 
007 02:00:32 10/03/019 0055 0256 0253 0521 0514 1531 0437 
008 02:00:32 17/03/019 0055 0257 0253 0521 0514 1531 0437 
009 02:00:32 24/03/019 0056 0256 0253 0521 0514 1531 0437 
010 02:00:33 31/03/019 0057 0256 0253 0514 0514 1531 0437 
011 02:00:33 07/04/019 0054 0256 0253 0521 0514 1531 0437 
012 02:00:32 14/04/019 0000 0206 0208 0856 0843 1901 0921 
013 02:00:33 21/04/019 0054 0169 0166 0521 0521 1531 0437 
014 02:00:32 28/04/019 0057 0169 0168 0507 0507 1531 0437 
015 02:00:32 05/05/019 0055 0170 0166 0514 0514 1531 0437 
016 02:00:32 12/05/019 0054 0170 0166 0521 0514 1531 0444 
017 02:00:33 19/05/019 0053 0414 0411 0514 0514 1531 0444 
018 02:00:32 26/05/019 0051 0414 0412 0521 0521 1531 0444 
019 02:00:32 02/06/019 0051 0738 0735 0528 0521 1531 0451 
020 02:00:32 09/06/019 0000 0657 0654 0542 0556 1546 0444 
021 02:00:32 16/06/019 0000 0686 0683 0493 0493 1578 0423 
022 02:00:31 23/06/019 0076 0641 0637 0486 0451 1531 0416 
023 02:00:32 30/06/019 0076 0641 0637 0493 0458 1531 0416 
024 02:00:31 07/07/019 0075 0641 0638 0493 0458 1531 0423 
025 02:00:31 14/07/019 0075 0641 0637 0493 0458 1531 0416 
026 02:00:31 21/07/019 0075 0641 0637 0493 0458 1531 0423 
027 02:00:31 28/07/019 0075 0641 0638 0493 0458 1531 0423 
028 02:00:32 04/08/019 0076 0641 0637 0493 0458 1531 0423 
029 02:00:31 11/08/019 0076 0641 0637 0493 0458 1531 0423 
030 02:00:31 18/08/019 0075 0641 0637 0493 0458 1531 0423 
031 02:00:32 25/08/019 0076 0641 0637 0493 0458 1531 0423 
032 02:00:33 01/09/019 0076 0641 0637 0493 0458 1531 0423 
033 02:00:31 08/09/019 0076 0641 0637 0493 0458 1531 0423 
034 02:00:31 15/09/019 0075 0641 0637 0500 0465 1531 0423 
035 02:00:31 22/09/019 0075 0641 0637 0500 0465 1531 0423 
036 02:00:31 29/09/019 0076 0641 0637 0500 0465 1531 0423 
037 02:00:39 06/10/019 0075 0641 0637 0500 0465 1531 0423 
038 02:00:31 13/10/019 0075 0641 0637 0500 0465 1531 0423 
039 02:00:31 20/10/019 0072 0641 0637 0500 0465 1530 0430 
040 02:00:32 27/10/019 0071 0641 0637 0500 0472 1530 0430 
041 02:00:31 03/11/019 0072 0641 0637 0500 0472 1531 0430 
042 02:00:31 10/11/019 0070 0641 0638 0500 0472 1531 0430 
043 02:00:31 17/11/147 0071 0641 0637 0500 0472 1531 0430 
044 00:00:00 00/00/000 0000 0000 0000 0000 0000 0000 0000 
045 00:00:00 00/00/000 0000 0000 0000 0000 0000 0000 0000 
046 00:00:00 00/00/000 0000 0000 0000 0000 0000 0000 0000 
047 00:00:00 00/00/000 0000 0000 0000 0000 0000 0000 0000 
048 00:00:00 00/00/000 0000 0000 0000 0000 0000 0000 0000 
049 00:00:00 00/00/000 0000 0000 0000 0000 0000 0000 0000 
050 00:00:00 00/00/000 0000 0000 0000 0000 0000 0000 0000 
051 00:00:00 00/00/000 0000 0000 0000 0000 0000 0000 0000 
052 00:00:00 00/00/000 0000 0000 0000 0000 0000 0000 0000 
053 00:00:00 00/00/000 0000 0000 0000 0000 0000 0000 0000 
054 00:00:00 00/00/000 0000 0000 0000 0000 0000 0000 0000 
055 00:00:00 00/00/000 0000 0000 0000 0000 0000 0000 0000 
056 00:00:00 00/00/000 0000 0000 0000 0000 0000 0000 0000 
057 00:00:00 00/00/000 0000 0000 0000 0000 0000 0000 0000 
058 00:00:00 00/00/000 0000 0000 0000 0000 0000 0000 0000 
059 00:00:00 00/00/000 0000 0000 0000 0000 0000 0000 0000 
060 00:00:00 00/00/000 0000 0000 0000 0000 0000 0000 0000 
061 00:00:00 00/00/000 0000 0000 0000 0000 0000 0000 0000 
062 00:00:00 00/00/000 0000 0000 0000 0000 0000 0000 0000 
063 00:00:00 00/00/000 0000 0000 0000 0000 0000 0000 0000 
064 00:00:00 00/00/000 0000 0000 0000 0000 0000 0000 0000 
065 00:00:00 00/00/000 0000 0000 0000 0000 0000 0000 0000 
066 00:00:00 00/00/000 0000 0000 0000 0000 0000 0000 0000 
067 00:00:00 00/00/000 0000 0000 0000 0000 0000 0000 0000 
068 00:00:00 00/00/000 0000 0000 0000 0000 0000 0000 0000 
069 00:00:00 00/00/000 0000 0000 0000 0000 0000 0000 0000 
070 00:00:00 00/00/000 0000 0000 0000 0000 0000 0000 0000 
071 00:00:00 00/00/000 0000 0000 0000 0000 0000 0000 0000 
072 00:00:00 00/00/000 0000 0000 0000 0000 0000 0000 0000 
073 00:00:00 00/00/000 0000 0000 0000 0000 0000 0000 0000 
074 00:00:00 00/00/000 0000 0000 0000 0000 0000 0000 0000 
075 00:00:00 00/00/000 0000 0000 0000 0000 0000 0000 0000 
076 00:00:00 00/00/000 0000 0000 0000 0000 0000 0000 0000 
077 00:00:00 00/00/000 0000 0000 0000 0000 0000 0000 0000 
078 00:00:00 00/00/000 0000 0000 0000 0000 0000 0000 0000 
079 00:00:00 00/00/000 0000 0000 0000 0000 0000 0000 0000 
080 00:00:00 00/00/000 0000 0000 0000 0000 0000 0000 0000 
081 00:00:00 00/00/000 0000 0000 0000 0000 0000 0000 0000 
082 00:00:00 00/00/000 0000 0000 0000 0000 0000 0000 0000 
083 00:00:00 00/00/000 0000 0000 0000 0000 0000 0000 0000 
084 00:00:00 00/00/000 0000 0000 0000 0000 0000 0000 0000 
085 00:00:00 00/00/000 0000 0000 0000 0000 0000 0000 0000 
086 00:00:00 00/00/000 0000 0000 0000 0000 0000 0000 0000 
087 00:00:00 00/00/000 0000 0000 0000 0000 0000 0000 0000 
088 00:00:00 00/00/000 0000 0000 0000 0000 0000 0000 0000 
089 00:00:00 00/00/000 0000 0000 0000 0000 0000 0000 0000 
090 00:00:00 00/00/000 0000 0000 0000 0000 0000 0000 0000 
091 00:00:00 00/00/000 0000 0000 0000 0000 0000 0000 0000 
092 00:00:00 00/00/000 0000 0000 0000 0000 0000 0000 0000 
093 00:00:00 00/00/000 0000 0000 0000 0000 0000 0000 0000 
094 00:00:00 00/00/000 0000 0000 0000 0000 0000 0000 0000 
095 00:00:00 00/00/000 0000 0000 0000 0000 0000 0000 0000 
096 00:00:00 00/00/000 0000 0000 0000 0000 0000 0000 0000 
097 00:00:00 00/00/000 0000 0000 0000 0000 0000 0000 0000 
098 00:00:00 00/00/000 0000 0000 0000 0000 0000 0000 0000 
099 00:00:00 00/00/000 0000 0000 0000 0000 0000 0000 0000 
100 00:00:00 00/00/000 0000 0000 0000 0000 0000 0000 0000 
101 00:00:00 00/00/000 0000 0000 0000 0000 0000 0000 0000 
102 00:00:00 00/00/000 0000 0000 0000 0000 0000 0000 0000 
103 00:00:00 00/00/000 0000 0000 0000 0000 0000 0000 0000 
104 85:00:99 145/82/001 0000 0000 55300 0000 0000 0000 14410 
CHlog_ptr = 880
Command: 