VC
[2JCold Head Log File
VA07S Magnet Type 97, 0998, Diode Table 2
Magnet S/N 21268368, MSUP S/N 01199

Sensor Status = 0xFF 0xFF
No. Time     Date      Pwr  He1  He2  Link Bore psiA CH
                       x100 x10  x10  x10  x10  x100 x10
000 02:00:31 26/11/017 0033 0778 0774 0521 0549 1531 0479 
001 02:00:31 03/12/017 0032 0778 0774 0521 0549 1530 0479 
002 02:00:32 10/12/017 0032 0778 0774 0521 0549 1531 0486 
003 02:00:32 17/12/017 0031 0778 0774 0514 0549 1531 0479 
004 02:00:32 24/12/017 0031 0778 0774 0514 0549 1531 0479 
005 02:00:31 31/12/017 0031 0778 0774 0514 0549 1531 0479 
006 02:00:31 07/01/018 0030 0778 0775 0514 0549 1531 0479 
007 02:00:32 14/01/018 0029 0777 0774 0521 0549 1531 0479 
008 02:00:31 21/01/018 0029 0778 0774 0521 0549 1531 0479 
009 02:00:31 28/01/018 0027 0777 0774 0521 0549 1531 0479 
010 02:00:31 04/02/018 0027 0777 0774 0521 0549 1531 0479 
011 02:00:32 11/02/018 0028 0777 0774 0521 0549 1531 0479 
012 02:00:32 18/02/018 0028 0777 0774 0514 0549 1531 0479 
013 02:00:32 25/02/018 0027 0778 0774 0521 0549 1531 0479 
014 02:00:31 04/03/018 0027 0777 0774 0521 0549 1531 0479 
015 02:00:32 11/03/018 0027 0777 0774 0521 0549 1531 0486 
016 02:00:31 18/03/018 0027 0777 0774 0521 0549 1531 0486 
017 02:00:32 25/03/018 0028 0777 0774 0521 0549 1531 0486 
018 02:00:32 01/04/018 0027 0777 0774 0514 0549 1531 0486 
019 02:00:31 08/04/018 0028 0777 0775 0514 0549 1531 0486 
020 02:00:31 15/04/018 0026 0777 0774 0521 0549 1531 0486 
021 02:00:31 22/04/018 0027 0777 0774 0514 0549 1531 0486 
022 02:00:31 29/04/018 0026 0777 0774 0521 0549 1531 0486 
023 02:00:31 06/05/018 0027 0777 0775 0514 0549 1531 0486 
024 02:00:31 13/05/018 0027 0778 0774 0521 0549 1531 0486 
025 02:00:32 20/05/018 0026 0777 0774 0514 0549 1531 0486 
026 02:00:32 27/05/018 0027 0777 0774 0521 0549 1531 0486 
027 02:00:31 03/06/018 0023 0777 0774 0521 0549 1530 0486 
028 02:00:31 10/06/018 0022 0777 0774 0521 0549 1530 0486 
029 02:00:31 17/06/018 0021 0777 0774 0521 0549 1531 0486 
030 02:00:31 24/06/018 0020 0778 0774 0521 0549 1531 0486 
031 02:00:31 01/07/018 0021 0777 0775 0521 0549 1531 0486 
032 02:00:31 08/07/018 0020 0777 0774 0521 0549 1531 0486 
033 02:00:31 15/07/018 0021 0777 0774 0521 0549 1531 0486 
034 02:00:31 22/07/018 0020 0777 0774 0521 0549 1531 0486 
035 02:00:31 29/07/018 0020 0777 0774 0521 0549 1531 0486 
036 02:00:31 05/08/018 0020 0778 0774 0514 0549 1531 0486 
037 02:00:31 12/08/018 0019 0777 0774 0521 0549 1530 0486 
038 02:00:31 19/08/018 0019 0778 0773 0514 0549 1531 0486 
039 02:00:31 26/08/018 0018 0778 0773 0521 0549 1530 0486 
040 02:00:32 02/09/018 0019 0777 0774 0521 0549 1531 0486 
041 02:00:32 09/09/018 0018 0777 0774 0521 0549 1531 0486 
042 02:00:31 16/09/018 0017 0778 0774 0514 0549 1531 0486 
043 02:00:31 23/09/018 0006 0777 0773 0521 0549 1531 0486 
044 02:00:31 30/09/018 0018 0777 0773 0521 0549 1531 0486 
045 02:00:31 07/10/018 0016 0777 0774 0521 0549 1531 0486 
046 02:00:31 14/10/018 0017 0778 0773 0521 0549 1531 0486 
047 02:00:31 21/10/018 0015 0777 0773 0521 0549 1531 0486 
048 02:00:31 28/10/018 0014 0777 0773 0521 0549 1531 0486 
049 02:00:31 04/11/018 0015 0777 0773 0521 0549 1531 0486 
050 02:00:31 11/11/018 0016 0777 0774 0521 0549 1531 0486 
051 02:00:31 18/11/018 0000 0773 0770 0612 0688 1674 0528 
052 02:00:32 25/11/018 0000 0769 0766 0521 0549 1532 0486 
053 02:00:31 02/12/018 0020 0769 0766 0514 0549 1531 0486 
054 02:00:31 09/12/018 0019 0769 0766 0521 0549 1531 0486 
055 02:00:32 16/12/018 0017 0770 0766 0521 0549 1531 0486 
056 02:00:31 23/12/018 0017 0770 0768 0521 0549 1531 0486 
057 02:00:31 30/12/018 0015 0769 0766 0521 0549 1531 0486 
058 02:00:31 06/01/019 0014 0769 0766 0521 0549 1531 0486 
059 02:00:31 13/01/019 0014 0769 0766 0521 0549 1531 0486 
060 02:00:32 20/01/019 0012 0769 0766 0521 0549 1531 0486 
061 02:00:32 27/01/019 0000 0769 0766 0521 0556 1531 0486 
062 02:00:31 03/02/019 0010 0769 0766 0521 0549 1530 0486 
063 02:00:31 10/02/019 0011 0769 0766 0521 0556 1531 0486 
064 02:00:32 17/02/019 0000 0769 0766 0521 0549 1532 0486 
065 02:00:33 24/02/019 0000 0769 0766 0528 0556 1532 0486 
066 02:00:31 03/03/019 0000 0769 0766 0521 0556 1532 0708 
067 02:00:32 10/03/019 0000 0769 0766 0528 0556 1538 0486 
068 02:00:31 17/03/019 0008 0769 0766 0521 0556 1531 0486 
069 02:00:31 24/03/019 0011 0770 0766 0521 0549 1531 0486 
070 02:00:31 31/03/019 0001 0770 0766 0521 0549 1531 0486 
071 02:00:32 07/04/019 0010 0769 0766 0521 0549 1531 0486 
072 02:00:31 14/04/019 0000 0770 0766 0521 0556 1536 0486 
073 02:00:31 21/04/019 0000 0769 0766 0521 0549 1542 0486 
074 02:00:31 28/04/019 0000 0769 0766 0528 0556 1547 0493 
075 02:00:31 05/05/019 0007 0769 0766 0521 0549 1531 0493 
076 02:00:32 12/05/019 0000 0770 0768 0528 0556 1554 0486 
077 02:00:32 19/05/019 0000 0769 0766 0514 0542 1570 0479 
078 02:00:31 26/05/019 0000 0769 0768 0521 0549 1581 0486 
079 02:00:31 02/06/019 0000 0770 0768 0521 0549 1588 0486 
080 02:00:31 09/06/019 0000 0770 0768 0521 0549 1584 0486 
081 02:00:32 16/06/019 0000 0770 0768 0521 0549 1599 0486 
082 02:00:31 23/06/019 0000 0770 0768 0521 0549 1613 0486 
083 02:00:32 30/06/019 0000 0770 0768 0521 0549 1613 0486 
084 02:00:31 07/07/019 0000 0770 0768 0514 0549 1613 0486 
085 02:00:31 14/07/019 0000 0771 0769 0521 0556 1621 0486 
086 02:00:32 21/07/019 0000 0770 0768 0521 0549 1610 0486 
087 02:00:31 04/08/019 0000 0771 0768 0521 0549 1619 0486 
088 02:00:32 11/08/019 0000 0771 0769 0521 0556 1633 0486 
089 02:00:31 18/08/019 0000 0770 0768 0521 0549 1620 0486 
090 02:00:31 25/08/019 0083 0695 0694 0451 0472 1530 0430 
091 02:00:31 01/09/019 0085 0695 0692 0451 0465 1531 0423 
092 02:00:32 08/09/019 0083 0696 0692 0451 0465 1531 0430 
093 02:00:31 15/09/019 0083 0695 0694 0451 0472 1531 0430 
094 02:00:31 22/09/019 0084 0695 0694 0451 0472 1531 0430 
095 02:00:31 29/09/019 0084 0696 0692 0451 0472 1530 0430 
096 02:00:31 06/10/019 0084 0695 0694 0451 0472 1531 0430 
097 02:00:31 13/10/019 0084 0695 0692 0451 0472 1531 0430 
098 02:00:31 20/10/019 0083 0696 0692 0451 0472 1530 0430 
099 02:00:32 27/10/019 0084 0695 0694 0451 0472 1531 0430 
100 02:00:31 03/11/019 0084 0695 0692 0451 0472 1531 0430 
101 02:00:31 10/11/147 0084 0695 0692 0451 0472 1531 0430 
104 85:00:144 135/68/001 0000 0000 44804 0000 0000 0000 14410 
CHlog_ptr = 2040
Command: 